<?xml version="1.0" encoding="UTF-8" standalone="no"?>
<!DOCTYPE svg PUBLIC "-//W3C//DTD SVG 20010904//EN"
              "http://www.w3.org/TR/2001/REC-SVG-20010904/DTD/svg10.dtd">

<svg xmlns="http://www.w3.org/2000/svg"
     width="12.2621in" height="5.33408in"
     viewBox="0 0 1177 512">
  <path id="Auswahl #7"
        fill="none" stroke="black" stroke-width="1"
        d="M 1018.00,328.00
           C 1018.00,328.00 1018.00,371.00 1018.00,371.00
             1018.00,371.00 1001.00,371.00 1001.00,371.00
             1001.00,371.00 1001.00,339.00 1001.00,339.00
             1001.00,339.00 1002.00,328.00 1002.00,328.00
             1002.00,328.00 1018.00,328.00 1018.00,328.00 Z
           M 1040.00,328.00
           C 1040.00,328.00 1044.00,333.00 1044.00,333.00
             1044.00,333.00 1044.00,341.00 1044.00,341.00
             1044.00,341.00 1020.00,341.00 1020.00,341.00
             1020.00,341.00 1020.00,328.00 1020.00,328.00
             1020.00,328.00 1040.00,328.00 1040.00,328.00 Z
           M 1032.99,339.63
           C 1038.76,339.46 1040.31,330.75 1032.04,329.66
             1024.35,332.31 1027.58,339.78 1032.99,339.63 Z
           M 1060.00,328.00
           C 1060.00,328.00 1060.00,333.00 1060.00,333.00
             1060.00,333.00 1062.00,333.00 1062.00,333.00
             1062.00,333.00 1062.00,328.00 1062.00,328.00
             1062.00,328.00 1071.00,328.00 1071.00,328.00
             1068.64,339.56 1063.40,346.32 1051.00,347.00
             1051.00,347.00 1051.00,328.00 1051.00,328.00
             1051.00,328.00 1060.00,328.00 1060.00,328.00 Z
           M 1103.00,328.00
           C 1103.00,328.00 1103.00,345.00 1103.00,345.00
             1103.00,345.00 1107.00,371.00 1107.00,371.00
             1107.00,371.00 1090.00,371.00 1090.00,371.00
             1088.00,371.01 1085.02,370.88 1083.31,372.02
             1079.87,374.31 1082.17,377.99 1079.16,384.00
             1075.00,392.32 1070.10,393.63 1062.00,396.00
             1062.00,396.00 1062.00,371.00 1062.00,371.00
             1062.00,371.00 1046.00,371.00 1046.00,371.00
             1046.01,363.96 1047.90,355.74 1050.00,349.00
             1050.00,349.00 1059.00,347.00 1059.00,347.00
             1059.00,347.00 1062.00,351.00 1062.00,351.00
             1062.00,351.00 1063.00,348.00 1063.00,348.00
             1065.30,350.11 1066.30,351.11 1069.00,349.00
             1073.81,351.31 1083.10,351.05 1088.00,349.00
             1088.00,349.00 1089.00,351.00 1089.00,351.00
             1089.00,351.00 1090.00,351.00 1090.00,351.00
             1090.00,351.00 1090.00,345.00 1090.00,345.00
             1090.00,345.00 1084.00,345.00 1084.00,345.00
             1084.00,345.00 1082.00,349.00 1082.00,349.00
             1082.00,349.00 1081.00,345.00 1081.00,345.00
             1081.00,345.00 1080.00,349.00 1080.00,349.00
             1080.00,349.00 1077.00,345.00 1077.00,345.00
             1077.00,345.00 1075.00,349.00 1075.00,349.00
             1073.44,343.30 1067.57,344.89 1063.00,346.00
             1066.97,338.77 1071.00,338.96 1072.00,328.00
             1072.00,328.00 1103.00,328.00 1103.00,328.00 Z
           M 1034.56,337.77
           C 1031.82,339.43 1027.54,336.58 1030.60,332.04
             1036.48,330.04 1037.45,336.01 1034.56,337.77 Z
           M 1112.00,336.00
           C 1112.00,336.00 1112.00,347.00 1112.00,347.00
             1112.00,347.00 1110.00,347.00 1110.00,347.00
             1110.00,347.00 1109.00,336.00 1109.00,336.00
             1109.00,336.00 1112.00,336.00 1112.00,336.00 Z
           M 1124.00,336.00
           C 1123.87,338.62 1123.82,341.56 1122.15,343.76
             1119.81,346.82 1116.10,346.27 1114.60,342.81
             1113.87,341.14 1114.01,337.87 1114.00,336.00
             1114.00,336.00 1124.00,336.00 1124.00,336.00 Z
           M 1129.00,336.00
           C 1129.00,336.00 1129.00,371.00 1129.00,371.00
             1129.00,371.00 1109.00,371.00 1109.00,371.00
             1109.00,371.00 1109.00,351.00 1109.00,351.00
             1109.00,351.00 1113.00,351.00 1113.00,351.00
             1113.00,351.00 1114.00,347.00 1114.00,347.00
             1114.00,347.00 1117.00,351.00 1117.00,351.00
             1117.00,351.00 1115.00,347.00 1115.00,347.00
             1123.63,348.60 1124.91,343.24 1125.00,336.00
             1125.00,336.00 1129.00,336.00 1129.00,336.00 Z
           M 1044.00,342.00
           C 1044.00,342.00 1044.00,371.00 1044.00,371.00
             1044.00,371.00 1020.00,371.00 1020.00,371.00
             1020.00,371.00 1020.00,342.00 1020.00,342.00
             1020.00,342.00 1044.00,342.00 1044.00,342.00 Z
           M 1023.00,345.00
           C 1023.00,345.00 1023.00,351.00 1023.00,351.00
             1023.00,351.00 1033.70,350.38 1033.70,350.38
             1036.13,349.21 1036.76,346.01 1031.00,345.00
             1031.00,345.00 1031.00,348.00 1031.00,348.00
             1031.00,348.00 1028.00,345.00 1028.00,345.00
             1028.00,345.00 1027.00,349.00 1027.00,349.00
             1026.00,346.01 1025.99,346.00 1023.00,345.00 Z
           M 1071.00,373.00
           C 1071.00,373.00 1067.00,373.00 1067.00,373.00
             1067.00,373.00 1071.00,376.00 1071.00,376.00
             1071.00,376.00 1072.00,383.00 1072.00,383.00
             1072.00,383.00 1075.00,373.00 1075.00,373.00
             1075.00,373.00 1072.00,374.00 1072.00,374.00
             1072.00,374.00 1072.00,363.00 1072.00,363.00
             1072.00,363.00 1071.00,373.00 1071.00,373.00 Z
           M 1060.00,376.00
           C 1060.00,376.00 1060.00,397.00 1060.00,397.00
             1073.12,395.90 1080.13,388.56 1083.00,376.00
             1083.00,376.00 1143.00,376.00 1143.00,376.00
             1143.00,376.00 1143.00,424.00 1143.00,424.00
             1143.00,424.00 1144.00,441.00 1144.00,441.00
             1144.00,441.00 1144.00,475.00 1144.00,475.00
             1144.00,475.00 1108.00,475.00 1108.00,475.00
             1108.00,475.00 1087.00,476.00 1087.00,476.00
             1087.00,476.00 1109.00,476.00 1109.00,476.00
             1109.00,476.00 1121.00,477.00 1121.00,477.00
             1121.00,477.00 1094.00,477.00 1094.00,477.00
             1094.00,477.00 1077.00,475.00 1077.00,475.00
             1077.00,475.00 1000.00,475.00 1000.00,475.00
             1000.00,475.00 1000.00,376.00 1000.00,376.00
             1000.00,376.00 1060.00,376.00 1060.00,376.00 Z" />
</svg>
