<?xml version="1.0" encoding="UTF-8" standalone="no"?>
<!DOCTYPE svg PUBLIC "-//W3C//DTD SVG 20010904//EN"
              "http://www.w3.org/TR/2001/REC-SVG-20010904/DTD/svg10.dtd">

<svg xmlns="http://www.w3.org/2000/svg"
     width="12.2621in" height="5.33408in"
     viewBox="0 0 1177 512">
  <path id="Auswahl #6"
        fill="none" stroke="black" stroke-width="1"
        d="M 915.00,328.00
           C 916.68,328.04 919.01,327.96 920.42,329.02
             922.49,330.59 922.21,334.24 925.64,339.00
             930.32,345.50 936.36,347.92 944.00,349.00
             946.10,355.74 947.99,363.96 948.00,371.00
             948.00,371.00 943.00,371.00 943.00,371.00
             943.00,371.00 943.00,395.00 943.00,395.00
             928.25,394.63 923.12,384.37 923.00,371.00
             923.00,371.00 902.00,371.00 902.00,371.00
             898.82,370.98 897.20,371.46 895.00,369.00
             895.00,369.00 899.00,368.00 899.00,368.00
             905.36,371.12 918.41,369.15 926.00,370.00
             926.00,370.00 926.00,364.00 926.00,364.00
             926.00,364.00 917.00,364.00 917.00,364.00
             917.00,364.00 916.00,368.00 916.00,368.00
             916.00,368.00 913.00,364.00 913.00,364.00
             913.00,364.00 911.00,369.00 911.00,369.00
             911.00,369.00 912.00,365.00 912.00,365.00
             905.79,363.49 901.92,363.62 896.00,366.00
             896.00,366.00 895.00,362.00 895.00,362.00
             899.51,355.88 898.00,336.01 898.00,328.00
             898.00,328.00 915.00,328.00 915.00,328.00 Z
           M 932.00,328.00
           C 932.00,328.00 932.00,333.00 932.00,333.00
             932.00,333.00 934.00,333.00 934.00,333.00
             934.00,333.00 934.00,328.00 934.00,328.00
             934.00,328.00 943.00,328.00 943.00,328.00
             943.00,328.00 943.00,347.00 943.00,347.00
             930.55,346.39 925.37,339.61 923.00,328.00
             923.00,328.00 932.00,328.00 932.00,328.00 Z
           M 952.00,328.00
           C 952.00,328.00 952.00,332.00 952.00,332.00
             952.00,332.00 950.00,332.00 950.00,332.00
             950.00,332.00 950.00,328.00 950.00,328.00
             950.00,328.00 952.00,328.00 952.00,328.00 Z
           M 974.00,328.00
           C 974.00,328.00 974.00,341.00 974.00,341.00
             974.00,341.00 950.00,341.00 950.00,341.00
             950.00,341.00 950.00,333.00 950.00,333.00
             950.00,333.00 954.00,333.00 954.00,333.00
             954.00,333.00 954.00,328.00 954.00,328.00
             954.00,328.00 974.00,328.00 974.00,328.00 Z
           M 961.99,339.58
           C 967.42,338.78 968.95,330.72 961.00,329.66
             952.29,332.53 956.35,340.41 961.99,339.58 Z
           M 992.00,328.00
           C 992.00,328.00 993.00,336.00 993.00,336.00
             993.00,336.00 993.00,371.00 993.00,371.00
             993.00,371.00 976.00,371.00 976.00,371.00
             976.00,371.00 976.00,328.00 976.00,328.00
             976.00,328.00 992.00,328.00 992.00,328.00 Z
           M 962.70,337.87
           C 960.26,339.21 955.35,336.63 959.31,332.04
             965.74,329.97 965.31,336.44 962.70,337.87 Z
           M 893.00,336.00
           C 893.00,336.00 893.00,371.00 893.00,371.00
             893.00,371.00 873.00,371.00 873.00,371.00
             873.00,371.00 873.00,351.00 873.00,351.00
             873.00,351.00 883.00,350.00 883.00,350.00
             883.00,350.00 880.00,349.00 880.00,349.00
             880.00,349.00 881.00,346.00 881.00,346.00
             881.00,346.00 883.00,347.00 883.00,347.00
             883.00,347.00 879.00,345.00 879.00,345.00
             879.00,345.00 878.00,336.00 878.00,336.00
             878.00,336.00 893.00,336.00 893.00,336.00 Z
           M 876.00,336.00
           C 876.00,336.00 877.00,347.00 877.00,347.00
             872.03,344.20 873.00,341.20 873.00,336.00
             873.00,336.00 876.00,336.00 876.00,336.00 Z
           M 889.00,341.00
           C 889.00,341.00 888.00,336.00 888.00,336.00
             888.00,336.00 889.00,341.00 889.00,341.00 Z
           M 889.00,342.00
           C 889.00,342.00 890.00,343.00 890.00,343.00
             890.00,343.00 890.00,342.00 890.00,342.00
             890.00,342.00 889.00,342.00 889.00,342.00 Z
           M 887.00,343.00
           C 887.00,343.00 888.00,344.00 888.00,344.00
             888.00,344.00 888.00,343.00 888.00,343.00
             888.00,343.00 887.00,343.00 887.00,343.00 Z
           M 974.00,342.00
           C 974.00,342.00 974.00,371.00 974.00,371.00
             974.00,371.00 950.00,371.00 950.00,371.00
             950.00,371.00 950.00,351.00 950.00,351.00
             958.80,350.68 961.86,351.78 963.00,345.00
             957.92,345.18 957.42,345.24 954.00,349.00
             954.00,349.00 950.00,342.00 950.00,342.00
             950.00,342.00 974.00,342.00 974.00,342.00 Z
           M 887.00,345.00
           C 887.00,345.00 888.00,346.00 888.00,346.00
             888.00,346.00 888.00,345.00 888.00,345.00
             888.00,345.00 887.00,345.00 887.00,345.00 Z
           M 885.00,346.00
           C 885.00,346.00 886.00,347.00 886.00,347.00
             886.00,347.00 886.00,346.00 886.00,346.00
             886.00,346.00 885.00,346.00 885.00,346.00 Z
           M 932.00,373.00
           C 932.00,373.00 928.00,373.00 928.00,373.00
             928.00,373.00 932.00,376.00 932.00,376.00
             932.00,376.00 932.00,383.00 932.00,383.00
             932.00,383.00 934.00,383.00 934.00,383.00
             934.00,383.00 935.51,375.17 935.51,375.17
             935.51,375.17 934.00,363.00 934.00,363.00
             931.42,366.51 932.00,368.82 932.00,373.00 Z
           M 913.00,376.00
           C 915.05,376.00 918.75,375.76 920.42,377.02
             922.77,378.80 922.07,383.19 927.21,388.96
             932.19,394.54 937.71,396.64 945.00,397.00
             945.00,397.00 945.00,376.00 945.00,376.00
             945.00,376.00 993.00,376.00 993.00,376.00
             993.00,376.00 993.00,475.00 993.00,475.00
             993.00,475.00 873.00,475.00 873.00,475.00
             873.00,475.00 873.00,376.00 873.00,376.00
             873.00,376.00 913.00,376.00 913.00,376.00 Z" />
</svg>
