<?xml version="1.0" encoding="UTF-8" standalone="no"?>
<!DOCTYPE svg PUBLIC "-//W3C//DTD SVG 20010904//EN"
              "http://www.w3.org/TR/2001/REC-SVG-20010904/DTD/svg10.dtd">

<svg xmlns="http://www.w3.org/2000/svg"
     width="12.2621in" height="5.33408in"
     viewBox="0 0 1177 512">
  <path id="Auswahl #5"
        fill="none" stroke="black" stroke-width="1"
        d="M 762.00,328.00
           C 762.00,328.00 762.00,371.00 762.00,371.00
             762.00,371.00 746.00,371.00 746.00,371.00
             746.00,371.00 746.00,328.00 746.00,328.00
             746.00,328.00 762.00,328.00 762.00,328.00 Z
           M 784.00,328.00
           C 784.00,328.00 784.00,333.00 784.00,333.00
             784.00,333.00 789.00,333.00 789.00,333.00
             789.00,333.00 789.00,341.00 789.00,341.00
             789.00,341.00 764.00,341.00 764.00,341.00
             764.00,341.00 764.00,328.00 764.00,328.00
             764.00,328.00 784.00,328.00 784.00,328.00 Z
           M 777.98,339.58
           C 783.20,338.81 785.41,330.86 777.01,329.62
             767.72,331.97 772.24,340.42 777.98,339.58 Z
           M 804.00,328.00
           C 804.00,328.00 804.00,333.00 804.00,333.00
             804.00,333.00 806.00,333.00 806.00,333.00
             806.00,333.00 806.00,328.00 806.00,328.00
             806.00,328.00 815.00,328.00 815.00,328.00
             813.43,339.07 807.69,346.35 796.00,347.00
             796.00,347.00 796.00,328.00 796.00,328.00
             796.00,328.00 804.00,328.00 804.00,328.00 Z
           M 840.00,328.00
           C 840.00,331.28 840.90,343.99 838.43,345.85
             836.59,346.95 833.06,346.30 831.00,345.85
             831.00,345.85 830.00,349.00 830.00,349.00
             828.14,347.04 827.66,348.31 826.00,350.00
             822.37,343.85 814.08,346.99 808.00,346.00
             808.00,346.00 810.00,352.00 810.00,352.00
             810.00,352.00 813.00,350.00 813.00,350.00
             818.23,352.76 832.83,352.88 838.00,350.00
             838.00,350.00 841.00,352.00 841.00,352.00
             841.00,352.00 844.00,371.00 844.00,371.00
             844.00,371.00 815.00,371.00 815.00,371.00
             814.99,386.42 810.83,391.66 796.00,396.00
             796.00,396.00 796.00,371.00 796.00,371.00
             796.00,371.00 791.00,371.00 791.00,371.00
             791.00,371.00 792.74,358.91 792.74,358.91
             792.74,358.91 794.00,349.00 794.00,349.00
             807.04,347.16 814.32,341.15 817.00,328.00
             817.00,328.00 840.00,328.00 840.00,328.00 Z
           M 778.70,337.87
           C 776.21,339.24 771.75,336.75 775.51,332.04
             781.53,329.95 781.41,336.38 778.70,337.87 Z
           M 849.00,336.00
           C 849.00,340.44 849.72,343.31 847.00,347.00
             847.00,347.00 846.00,336.00 846.00,336.00
             846.00,336.00 849.00,336.00 849.00,336.00 Z
           M 860.00,336.00
           C 859.94,341.82 860.29,343.79 855.00,347.00
             850.62,342.25 851.03,342.58 851.00,336.00
             851.00,336.00 860.00,336.00 860.00,336.00 Z
           M 865.00,336.00
           C 865.00,336.00 865.00,371.00 865.00,371.00
             865.00,371.00 846.00,371.00 846.00,371.00
             846.00,371.00 846.00,351.00 846.00,351.00
             846.00,351.00 850.00,351.00 850.00,351.00
             850.00,351.00 851.00,347.00 851.00,347.00
             851.00,347.00 851.00,351.00 851.00,351.00
             851.00,351.00 855.00,350.00 855.00,350.00
             855.00,350.00 853.00,348.00 853.00,348.00
             860.45,346.79 861.82,342.90 862.00,336.00
             862.00,336.00 865.00,336.00 865.00,336.00 Z
           M 789.00,342.00
           C 789.00,342.00 789.00,371.00 789.00,371.00
             789.00,371.00 764.00,371.00 764.00,371.00
             764.00,371.00 764.00,351.00 764.00,351.00
             766.19,350.92 774.19,350.91 775.63,349.95
             777.56,348.65 777.56,344.44 772.00,347.00
             772.00,347.00 771.00,345.00 771.00,345.00
             771.00,345.00 770.00,345.00 770.00,345.00
             770.00,345.00 769.00,348.00 769.00,348.00
             769.00,348.00 764.00,345.00 764.00,345.00
             764.00,345.00 764.00,342.00 764.00,342.00
             764.00,342.00 789.00,342.00 789.00,342.00 Z
           M 804.00,373.00
           C 804.00,373.00 801.00,373.00 801.00,373.00
             801.00,373.00 801.00,376.00 801.00,376.00
             804.24,378.17 803.87,379.28 804.00,383.00
             804.00,383.00 806.00,383.00 806.00,383.00
             806.00,383.00 809.00,377.00 809.00,377.00
             809.00,377.00 806.00,374.00 806.00,374.00
             806.00,374.00 806.00,363.00 806.00,363.00
             803.42,366.51 804.00,368.82 804.00,373.00 Z
           M 794.00,376.00
           C 794.00,376.00 794.00,397.00 794.00,397.00
             806.72,395.93 815.00,388.76 817.00,376.00
             817.00,376.00 865.00,376.00 865.00,376.00
             865.00,376.00 865.00,475.00 865.00,475.00
             865.00,475.00 745.00,475.00 745.00,475.00
             745.00,475.00 745.00,376.00 745.00,376.00
             745.00,376.00 794.00,376.00 794.00,376.00 Z" />
</svg>
