<?xml version="1.0" encoding="UTF-8" standalone="no"?>
<!DOCTYPE svg PUBLIC "-//W3C//DTD SVG 20010904//EN"
              "http://www.w3.org/TR/2001/REC-SVG-20010904/DTD/svg10.dtd">

<svg xmlns="http://www.w3.org/2000/svg"
     width="12.2621in" height="5.33408in"
     viewBox="0 0 1177 512">
  <path id="Auswahl #4"
        fill="none" stroke="black" stroke-width="1"
        d="M 676.00,328.00
           C 676.00,328.00 676.00,333.00 676.00,333.00
             676.00,333.00 678.00,333.00 678.00,333.00
             678.00,333.00 678.00,328.00 678.00,328.00
             678.00,328.00 687.00,328.00 687.00,328.00
             687.00,328.00 687.00,347.00 687.00,347.00
             687.00,347.00 676.00,344.00 676.00,344.00
             679.91,347.72 683.81,348.27 689.00,349.00
             689.00,349.00 688.00,352.00 688.00,352.00
             690.71,354.43 692.00,366.99 692.00,371.00
             692.00,371.00 687.00,371.00 687.00,371.00
             687.00,371.00 687.00,396.00 687.00,396.00
             672.17,391.66 668.01,386.42 668.00,371.00
             668.00,371.00 639.00,371.00 639.00,371.00
             639.00,371.00 639.00,362.00 639.00,362.00
             639.00,362.00 642.00,362.00 642.00,362.00
             642.00,362.00 643.00,355.00 643.00,355.00
             645.97,356.07 647.36,357.07 650.00,355.00
             654.21,357.35 655.79,357.35 660.00,355.00
             660.00,355.00 668.00,357.00 668.00,357.00
             668.00,357.00 669.00,354.00 669.00,354.00
             669.00,354.00 671.00,357.00 671.00,357.00
             671.00,357.00 671.00,350.00 671.00,350.00
             671.00,350.00 662.00,351.00 662.00,351.00
             662.00,351.00 661.00,354.00 661.00,354.00
             661.00,354.00 661.00,351.00 661.00,351.00
             661.00,351.00 658.00,351.00 658.00,351.00
             658.00,351.00 657.00,354.00 657.00,354.00
             653.88,348.72 648.48,350.90 643.00,351.00
             643.00,351.00 643.00,328.00 643.00,328.00
             643.00,328.00 676.00,328.00 676.00,328.00 Z
           M 718.00,328.00
           C 718.00,328.00 718.00,341.00 718.00,341.00
             718.00,341.00 694.00,341.00 694.00,341.00
             694.00,341.00 694.00,333.00 694.00,333.00
             694.00,333.00 699.00,333.00 699.00,333.00
             699.00,333.00 699.00,328.00 699.00,328.00
             699.00,328.00 718.00,328.00 718.00,328.00 Z
           M 706.96,339.51
           C 712.53,338.39 713.56,329.77 705.01,329.54
             696.38,332.82 701.42,340.62 706.96,339.51 Z
           M 737.00,328.00
           C 737.00,328.00 737.00,371.00 737.00,371.00
             737.00,371.00 727.00,371.00 727.00,371.00
             724.65,370.95 721.81,371.15 720.60,368.69
             719.69,366.84 720.00,358.52 720.00,356.00
             720.00,356.00 720.00,328.00 720.00,328.00
             720.00,328.00 737.00,328.00 737.00,328.00 Z
           M 666.00,331.00
           C 666.00,331.00 667.00,332.00 667.00,332.00
             667.00,332.00 667.00,331.00 667.00,331.00
             667.00,331.00 666.00,331.00 666.00,331.00 Z
           M 706.70,337.83
           C 704.30,339.01 700.82,336.35 703.74,332.01
             709.67,329.93 709.47,336.47 706.70,337.83 Z
           M 637.00,336.00
           C 637.00,336.00 637.00,371.00 637.00,371.00
             637.00,371.00 618.00,371.00 618.00,371.00
             618.00,371.00 618.00,351.00 618.00,351.00
             618.00,351.00 628.00,350.00 628.00,350.00
             628.00,350.00 625.00,348.00 625.00,348.00
             633.52,347.01 633.97,343.58 634.00,336.00
             634.00,336.00 637.00,336.00 637.00,336.00 Z
           M 671.00,338.00
           C 671.00,338.00 672.00,339.00 672.00,339.00
             672.00,339.00 672.00,338.00 672.00,338.00
             672.00,338.00 671.00,338.00 671.00,338.00 Z
           M 718.00,342.00
           C 718.00,342.00 718.00,371.00 718.00,371.00
             718.00,371.00 694.00,371.00 694.00,371.00
             694.00,371.00 694.00,342.00 694.00,342.00
             694.00,342.00 718.00,342.00 718.00,342.00 Z
           M 695.00,345.00
           C 695.00,345.00 695.00,351.00 695.00,351.00
             697.31,350.98 705.84,351.23 707.39,349.97
             709.33,348.40 708.44,343.30 703.00,347.00
             703.00,347.00 701.00,345.00 701.00,345.00
             701.00,345.00 700.00,348.00 700.00,348.00
             700.00,348.00 695.00,345.00 695.00,345.00 Z
           M 676.00,373.00
           C 676.00,373.00 673.00,373.00 673.00,373.00
             673.00,373.00 673.00,376.00 673.00,376.00
             676.24,378.17 675.87,379.28 676.00,383.00
             676.00,383.00 678.00,383.00 678.00,383.00
             678.00,383.00 681.00,373.00 681.00,373.00
             681.00,373.00 678.00,373.00 678.00,373.00
             678.00,373.00 678.00,363.00 678.00,363.00
             675.42,366.51 676.00,368.82 676.00,373.00 Z
           M 666.00,376.00
           C 668.02,388.90 676.15,395.92 689.00,397.00
             689.00,397.00 689.00,376.00 689.00,376.00
             689.00,376.00 738.00,376.00 738.00,376.00
             738.00,376.00 738.00,475.00 738.00,475.00
             738.00,475.00 618.00,475.00 618.00,475.00
             618.00,475.00 618.00,376.00 618.00,376.00
             618.00,376.00 666.00,376.00 666.00,376.00 Z" />
</svg>
