<?xml version="1.0" encoding="UTF-8" standalone="no"?>
<!DOCTYPE svg PUBLIC "-//W3C//DTD SVG 20010904//EN"
              "http://www.w3.org/TR/2001/REC-SVG-20010904/DTD/svg10.dtd">

<svg xmlns="http://www.w3.org/2000/svg"
     width="12.2621in" height="5.33408in"
     viewBox="0 0 1177 512">
  <path id="Auswahl #3"
        fill="none" stroke="black" stroke-width="1"
        d="M 507.00,328.00
           C 507.00,328.00 507.00,371.00 507.00,371.00
             507.00,371.00 490.00,371.00 490.00,371.00
             490.00,371.00 490.00,338.00 490.00,338.00
             490.00,338.00 491.00,328.00 491.00,328.00
             491.00,328.00 507.00,328.00 507.00,328.00 Z
           M 549.00,328.00
           C 549.00,328.00 549.00,333.00 549.00,333.00
             549.00,333.00 551.00,333.00 551.00,333.00
             551.00,333.00 551.00,328.00 551.00,328.00
             551.00,328.00 559.00,328.00 559.00,328.00
             558.44,339.28 551.26,346.45 540.00,347.00
             540.00,347.00 540.00,328.00 540.00,328.00
             540.00,328.00 549.00,328.00 549.00,328.00 Z
           M 584.00,328.00
           C 584.00,328.00 584.00,344.00 584.00,344.00
             584.00,344.00 588.00,371.00 588.00,371.00
             588.00,371.00 560.00,371.00 560.00,371.00
             557.93,386.70 556.25,391.64 540.00,396.00
             540.00,396.00 540.00,371.00 540.00,371.00
             540.00,371.00 535.00,371.00 535.00,371.00
             535.01,363.96 536.90,355.74 539.00,349.00
             551.01,347.30 559.85,340.68 561.00,328.00
             561.00,328.00 584.00,328.00 584.00,328.00 Z
           M 523.54,337.77
           C 520.92,339.40 516.56,336.74 519.74,332.01
             525.38,330.04 526.19,336.11 523.54,337.77 Z
           M 593.00,336.00
           C 593.00,336.00 593.00,347.00 593.00,347.00
             593.00,347.00 591.00,347.00 591.00,347.00
             591.00,347.00 590.00,336.00 590.00,336.00
             590.00,336.00 593.00,336.00 593.00,336.00 Z
           M 605.00,336.00
           C 604.72,341.98 604.81,344.45 599.00,347.00
             594.85,342.35 595.06,342.34 595.00,336.00
             595.00,336.00 605.00,336.00 605.00,336.00 Z
           M 610.00,336.00
           C 610.00,336.00 610.00,371.00 610.00,371.00
             610.00,371.00 590.00,371.00 590.00,371.00
             590.00,371.00 590.00,351.00 590.00,351.00
             590.00,351.00 595.00,349.00 595.00,349.00
             595.00,349.00 599.00,351.00 599.00,351.00
             599.00,351.00 597.00,347.00 597.00,347.00
             604.98,348.02 606.66,342.82 607.00,336.00
             607.00,336.00 610.00,336.00 610.00,336.00 Z
           M 533.00,342.00
           C 533.00,342.00 533.00,371.00 533.00,371.00
             533.00,371.00 509.00,371.00 509.00,371.00
             509.00,371.00 509.00,351.00 509.00,351.00
             509.00,351.00 522.00,351.00 522.00,351.00
             522.00,351.00 522.00,345.00 522.00,345.00
             522.00,345.00 518.00,345.00 518.00,345.00
             518.00,345.00 517.00,348.00 517.00,348.00
             517.00,348.00 517.00,345.00 517.00,345.00
             517.00,345.00 514.00,345.00 514.00,345.00
             514.00,345.00 513.00,348.00 513.00,348.00
             513.00,348.00 509.00,345.00 509.00,345.00
             509.00,345.00 509.00,342.00 509.00,342.00
             509.00,342.00 533.00,342.00 533.00,342.00 Z
           M 553.00,354.00
           C 553.00,354.00 556.00,352.00 556.00,352.00
             556.00,352.00 559.11,353.75 559.11,353.75
             559.11,353.75 577.00,353.75 577.00,353.75
             577.00,353.75 581.00,352.00 581.00,352.00
             581.00,352.00 583.00,354.00 583.00,354.00
             583.00,354.00 583.00,348.00 583.00,348.00
             583.00,348.00 574.00,348.00 574.00,348.00
             574.00,348.00 573.00,351.00 573.00,351.00
             573.00,351.00 570.00,348.00 570.00,348.00
             570.00,348.00 569.00,352.00 569.00,352.00
             569.00,352.00 569.00,348.00 569.00,348.00
             569.00,348.00 552.00,348.00 552.00,348.00
             552.00,348.00 553.00,354.00 553.00,354.00 Z
           M 549.00,363.00
           C 549.00,363.00 549.00,373.00 549.00,373.00
             549.00,373.00 545.00,373.00 545.00,373.00
             545.00,373.00 549.00,376.00 549.00,376.00
             549.00,376.00 549.00,383.00 549.00,383.00
             549.00,383.00 551.00,383.00 551.00,383.00
             551.00,383.00 552.51,375.17 552.51,375.17
             552.51,375.17 551.00,363.00 551.00,363.00
             551.00,363.00 549.00,363.00 549.00,363.00 Z
           M 538.00,376.00
           C 538.00,376.00 538.00,397.00 538.00,397.00
             550.38,396.39 559.85,388.66 561.00,376.00
             561.00,376.00 610.00,376.00 610.00,376.00
             610.00,376.00 610.00,475.00 610.00,475.00
             610.00,475.00 490.00,475.00 490.00,475.00
             490.00,475.00 490.00,376.00 490.00,376.00
             490.00,376.00 538.00,376.00 538.00,376.00 Z" />
</svg>
