<?xml version="1.0" encoding="UTF-8" standalone="no"?>
<!DOCTYPE svg PUBLIC "-//W3C//DTD SVG 20010904//EN"
              "http://www.w3.org/TR/2001/REC-SVG-20010904/DTD/svg10.dtd">

<svg xmlns="http://www.w3.org/2000/svg"
     width="12.2621in" height="5.33408in"
     viewBox="0 0 1177 512">
  <path id="Auswahl #2"
        fill="none" stroke="black" stroke-width="1"
        d="M 411.00,328.00
           C 412.15,340.68 420.99,347.30 433.00,349.00
             435.10,355.74 436.99,363.96 437.00,371.00
             437.00,371.00 432.00,371.00 432.00,371.00
             432.00,371.00 432.00,396.00 432.00,396.00
             416.27,391.78 413.00,387.04 413.00,371.00
             413.00,371.00 384.00,371.00 384.00,371.00
             384.01,363.96 385.90,355.74 388.00,349.00
             394.06,349.00 404.93,349.82 410.00,347.00
             410.00,347.00 410.00,348.00 410.00,348.00
             410.00,348.00 412.00,349.00 412.00,349.00
             412.00,349.00 412.00,343.00 412.00,343.00
             412.00,343.00 406.00,343.00 406.00,343.00
             406.00,343.00 405.00,347.00 405.00,347.00
             405.00,347.00 405.00,343.00 405.00,343.00
             405.00,343.00 402.00,346.00 402.00,346.00
             400.14,344.04 399.66,345.31 398.00,347.00
             395.52,342.80 393.46,343.36 389.00,344.00
             389.00,344.00 388.00,328.00 388.00,328.00
             388.00,328.00 411.00,328.00 411.00,328.00 Z
           M 421.00,328.00
           C 421.00,328.00 421.00,333.00 421.00,333.00
             421.00,333.00 423.00,333.00 423.00,333.00
             423.00,333.00 423.00,328.00 423.00,328.00
             423.00,328.00 432.00,328.00 432.00,328.00
             432.00,328.00 432.00,347.00 432.00,347.00
             420.61,346.44 413.56,339.39 413.00,328.00
             413.00,328.00 421.00,328.00 421.00,328.00 Z
           M 463.00,328.00
           C 463.00,328.00 463.00,341.00 463.00,341.00
             463.00,341.00 439.00,341.00 439.00,341.00
             439.00,341.00 439.00,333.00 439.00,333.00
             439.00,333.00 443.00,333.00 443.00,333.00
             443.00,333.00 443.00,328.00 443.00,328.00
             443.00,328.00 463.00,328.00 463.00,328.00 Z
           M 451.89,339.53
           C 456.68,338.38 457.89,330.68 450.01,329.66
             440.97,332.62 445.59,341.03 451.89,339.53 Z
           M 481.00,328.00
           C 481.00,328.00 482.00,336.00 482.00,336.00
             482.00,336.00 482.00,371.00 482.00,371.00
             482.00,371.00 465.00,371.00 465.00,371.00
             465.00,371.00 465.00,328.00 465.00,328.00
             465.00,328.00 481.00,328.00 481.00,328.00 Z
           M 451.70,337.83
           C 449.30,339.01 445.74,336.28 448.60,332.04
             454.76,329.92 454.44,336.49 451.70,337.83 Z
           M 366.00,336.00
           C 366.00,340.44 366.72,343.31 364.00,347.00
             364.00,347.00 363.00,336.00 363.00,336.00
             363.00,336.00 366.00,336.00 366.00,336.00 Z
           M 377.00,336.00
           C 376.94,342.00 377.22,344.75 371.00,347.00
             371.00,347.00 368.00,345.00 368.00,345.00
             368.00,345.00 368.00,336.00 368.00,336.00
             368.00,336.00 377.00,336.00 377.00,336.00 Z
           M 382.00,336.00
           C 382.00,336.00 382.00,371.00 382.00,371.00
             382.00,371.00 363.00,371.00 363.00,371.00
             363.00,371.00 363.00,351.00 363.00,351.00
             363.00,351.00 371.00,351.00 371.00,351.00
             371.00,351.00 369.00,349.00 369.00,349.00
             369.00,349.00 369.00,348.00 369.00,348.00
             376.99,347.07 378.81,343.55 379.00,336.00
             379.00,336.00 382.00,336.00 382.00,336.00 Z
           M 463.00,342.00
           C 463.00,342.00 463.00,371.00 463.00,371.00
             463.00,371.00 439.00,371.00 439.00,371.00
             439.00,371.00 439.00,342.00 439.00,342.00
             439.00,342.00 463.00,342.00 463.00,342.00 Z
           M 443.00,345.00
           C 443.00,345.00 443.00,351.00 443.00,351.00
             443.00,351.00 456.00,351.00 456.00,351.00
             456.00,351.00 456.00,345.00 456.00,345.00
             456.00,345.00 452.00,345.00 452.00,345.00
             452.00,345.00 451.00,348.00 451.00,348.00
             451.00,348.00 451.00,345.00 451.00,345.00
             451.00,345.00 448.00,345.00 448.00,345.00
             448.00,345.00 447.00,348.00 447.00,348.00
             447.00,348.00 443.00,345.00 443.00,345.00 Z
           M 421.00,363.00
           C 421.00,363.00 421.00,373.00 421.00,373.00
             421.00,373.00 418.00,373.00 418.00,373.00
             418.00,373.00 418.00,376.00 418.00,376.00
             421.24,378.17 420.87,379.28 421.00,383.00
             421.00,383.00 423.00,383.00 423.00,383.00
             423.00,383.00 426.00,377.00 426.00,377.00
             423.69,368.82 423.01,374.22 423.00,363.00
             423.00,363.00 421.00,363.00 421.00,363.00 Z
           M 411.00,376.00
           C 412.16,388.77 421.51,396.39 434.00,397.00
             434.00,397.00 434.00,376.00 434.00,376.00
             434.00,376.00 482.00,376.00 482.00,376.00
             482.00,376.00 482.00,475.00 482.00,475.00
             482.00,475.00 362.00,475.00 362.00,475.00
             362.00,475.00 362.00,376.00 362.00,376.00
             362.00,376.00 411.00,376.00 411.00,376.00 Z" />
</svg>
