<?xml version="1.0" encoding="UTF-8" standalone="no"?>
<!DOCTYPE svg PUBLIC "-//W3C//DTD SVG 20010904//EN"
              "http://www.w3.org/TR/2001/REC-SVG-20010904/DTD/svg10.dtd">

<svg xmlns="http://www.w3.org/2000/svg"
     width="12.2621in" height="5.33408in"
     viewBox="0 0 1177 512">
  <path id="Auswahl #1"
        fill="none" stroke="black" stroke-width="1"
        d="M 252.00,328.00
           C 252.00,328.00 252.00,371.00 252.00,371.00
             252.00,371.00 235.00,371.00 235.00,371.00
             235.00,371.00 235.00,328.00 235.00,328.00
             235.00,328.00 252.00,328.00 252.00,328.00 Z
           M 273.00,328.00
           C 273.00,328.00 273.00,333.00 273.00,333.00
             273.00,333.00 278.00,333.00 278.00,333.00
             278.00,333.00 278.00,341.00 278.00,341.00
             278.00,341.00 253.00,341.00 253.00,341.00
             253.00,341.00 253.00,328.00 253.00,328.00
             253.00,328.00 273.00,328.00 273.00,328.00 Z
           M 266.99,339.63
           C 272.84,338.61 273.77,329.78 265.10,329.54
             257.61,332.67 261.30,340.62 266.99,339.63 Z
           M 294.00,328.00
           C 294.00,328.00 295.00,333.00 295.00,333.00
             295.00,333.00 295.00,328.00 295.00,328.00
             295.00,328.00 304.00,328.00 304.00,328.00
             303.00,338.96 296.17,346.38 285.00,347.00
             285.00,347.00 285.00,328.00 285.00,328.00
             285.00,328.00 294.00,328.00 294.00,328.00 Z
           M 329.13,328.00
           C 329.13,328.00 329.13,349.00 329.13,349.00
             329.13,349.00 330.75,355.00 330.75,355.00
             330.75,355.00 333.00,363.00 333.00,363.00
             333.00,363.00 328.00,364.00 328.00,364.00
             328.00,364.00 327.00,367.00 327.00,367.00
             323.31,361.18 314.82,364.64 309.00,364.00
             309.00,364.00 313.00,370.00 313.00,370.00
             313.00,370.00 314.00,367.00 314.00,367.00
             314.00,367.00 315.00,370.00 315.00,370.00
             319.33,369.06 329.46,368.42 333.00,371.00
             333.00,371.00 304.00,371.00 304.00,371.00
             303.99,386.42 299.83,391.66 285.00,396.00
             285.00,396.00 285.00,371.00 285.00,371.00
             285.00,371.00 280.00,371.00 280.00,371.00
             280.00,366.80 281.68,353.50 284.15,350.51
             286.39,347.79 289.69,348.30 294.00,345.78
             301.30,341.49 304.37,336.00 306.00,328.00
             306.00,328.00 329.13,328.00 329.13,328.00 Z
           M 267.70,337.87
           C 265.16,339.27 260.15,336.40 264.35,332.00
             270.74,330.04 270.31,336.43 267.70,337.87 Z
           M 338.00,336.00
           C 338.04,340.96 339.59,344.26 335.00,347.00
             335.00,347.00 335.00,336.00 335.00,336.00
             335.00,336.00 338.00,336.00 338.00,336.00 Z
           M 349.00,336.00
           C 348.99,337.90 349.12,341.19 348.40,342.89
             346.86,346.54 342.99,346.65 341.02,343.64
             339.78,341.75 340.01,338.23 340.00,336.00
             340.00,336.00 349.00,336.00 349.00,336.00 Z
           M 354.00,336.00
           C 354.00,336.00 354.00,371.00 354.00,371.00
             349.28,371.00 338.11,372.46 335.00,369.00
             335.00,369.00 339.00,367.00 339.00,367.00
             339.00,367.00 340.00,370.00 340.00,370.00
             340.00,370.00 340.00,363.00 340.00,363.00
             340.00,363.00 335.00,364.00 335.00,364.00
             335.00,364.00 335.00,351.00 335.00,351.00
             335.00,351.00 343.00,351.00 343.00,351.00
             343.00,351.00 341.00,347.00 341.00,347.00
             349.75,348.50 350.93,343.25 351.00,336.00
             351.00,336.00 354.00,336.00 354.00,336.00 Z
           M 260.00,371.00
           C 258.05,370.96 255.37,371.10 254.02,369.40
             252.85,367.92 253.01,364.82 253.00,363.00
             252.98,359.35 252.07,345.02 254.60,343.02
             255.94,341.96 258.38,342.03 260.00,342.00
             260.00,342.00 278.00,342.00 278.00,342.00
             278.00,342.00 278.00,371.00 278.00,371.00
             278.00,371.00 260.00,371.00 260.00,371.00 Z
           M 254.00,345.00
           C 254.00,345.00 254.00,351.00 254.00,351.00
             256.39,350.97 264.81,351.23 266.38,349.97
             268.32,348.43 267.46,343.29 262.00,347.00
             262.00,347.00 260.00,345.00 260.00,345.00
             260.00,345.00 258.00,349.00 258.00,349.00
             258.00,349.00 258.00,345.00 258.00,345.00
             258.00,345.00 254.00,345.00 254.00,345.00 Z
           M 294.00,373.00
           C 294.00,373.00 290.00,373.00 290.00,373.00
             290.00,373.00 290.00,376.00 290.00,376.00
             290.00,376.00 294.00,376.00 294.00,376.00
             294.00,376.00 295.00,383.00 295.00,383.00
             295.00,383.00 297.16,375.08 297.16,375.08
             297.16,375.08 295.00,363.00 295.00,363.00
             295.00,363.00 294.00,373.00 294.00,373.00 Z
           M 283.00,376.00
           C 283.00,376.00 283.00,397.00 283.00,397.00
             295.88,395.92 303.44,388.53 306.00,376.00
             306.00,376.00 355.00,376.00 355.00,376.00
             355.00,376.00 355.00,475.00 355.00,475.00
             355.00,475.00 234.00,475.00 234.00,475.00
             234.00,475.00 234.00,376.00 234.00,376.00
             234.00,376.00 283.00,376.00 283.00,376.00 Z" />
</svg>
