<?xml version="1.0" encoding="UTF-8" standalone="no"?>
<!DOCTYPE svg PUBLIC "-//W3C//DTD SVG 20010904//EN"
              "http://www.w3.org/TR/2001/REC-SVG-20010904/DTD/svg10.dtd">

<svg xmlns="http://www.w3.org/2000/svg"
     width="12.2621in" height="5.33408in"
     viewBox="0 0 1177 512">
  <path id="Auswahl"
        fill="none" stroke="black" stroke-width="1"
        d="M 149.00,328.00
           C 150.64,328.03 152.91,327.93 154.28,328.99
             156.29,330.56 156.05,333.80 158.85,338.00
             163.73,345.32 169.65,347.82 178.00,349.00
             178.00,349.00 179.26,358.91 179.26,358.91
             179.26,358.91 181.00,371.00 181.00,371.00
             181.00,371.00 176.00,371.00 176.00,371.00
             176.00,371.00 176.00,396.00 176.00,396.00
             161.17,391.66 157.01,386.42 157.00,371.00
             157.00,371.00 128.00,371.00 128.00,371.00
             128.00,371.00 129.00,353.00 129.00,353.00
             129.00,353.00 130.00,362.00 130.00,362.00
             130.00,362.00 131.00,352.00 131.00,352.00
             131.00,352.00 135.00,356.00 135.00,356.00
             135.00,356.00 136.00,352.00 136.00,352.00
             136.00,352.00 136.00,356.00 136.00,356.00
             136.00,356.00 150.72,355.39 150.72,355.39
             150.72,355.39 159.00,354.00 159.00,354.00
             159.00,354.00 163.00,356.00 163.00,356.00
             163.00,356.00 163.00,350.00 163.00,350.00
             163.00,350.00 156.00,350.00 156.00,350.00
             156.00,350.00 155.00,355.00 155.00,355.00
             155.00,355.00 155.00,350.00 155.00,350.00
             155.00,350.00 152.00,353.00 152.00,353.00
             152.00,353.00 151.00,350.00 151.00,350.00
             151.00,350.00 148.00,355.00 148.00,355.00
             148.00,355.00 149.00,351.00 149.00,351.00
             149.00,351.00 135.00,350.00 135.00,350.00
             135.00,350.00 133.00,353.00 133.00,353.00
             133.00,353.00 132.00,328.00 132.00,328.00
             132.00,328.00 149.00,328.00 149.00,328.00 Z
           M 166.00,328.00
           C 166.00,328.00 167.00,333.00 167.00,333.00
             167.00,333.00 167.00,328.00 167.00,328.00
             167.00,328.00 176.00,328.00 176.00,328.00
             176.00,328.00 176.00,347.00 176.00,347.00
             164.68,346.37 158.01,339.09 157.00,328.00
             157.00,328.00 166.00,328.00 166.00,328.00 Z
           M 186.00,328.00
           C 186.00,328.00 183.00,331.00 183.00,331.00
             183.00,331.00 183.00,329.00 183.00,329.00
             183.00,329.00 184.00,328.00 184.00,328.00
             184.00,328.00 186.00,328.00 186.00,328.00 Z
           M 208.00,328.00
           C 208.00,328.00 208.00,341.00 208.00,341.00
             208.00,341.00 183.00,341.00 183.00,341.00
             183.00,341.00 183.00,333.00 183.00,333.00
             186.47,331.89 186.89,331.47 188.00,328.00
             188.00,328.00 208.00,328.00 208.00,328.00 Z
           M 195.96,339.51
           C 201.55,338.38 202.54,329.77 194.04,329.54
             185.78,332.78 190.48,340.62 195.96,339.51 Z
           M 226.00,328.00
           C 226.00,328.00 226.00,371.00 226.00,371.00
             226.00,371.00 210.00,371.00 210.00,371.00
             210.00,371.00 210.00,328.00 210.00,328.00
             210.00,328.00 226.00,328.00 226.00,328.00 Z
           M 196.57,337.77
           C 193.80,339.42 189.60,336.66 192.74,332.01
             198.53,330.04 199.67,335.92 196.57,337.77 Z
           M 165.00,335.00
           C 165.00,335.00 164.00,340.00 164.00,340.00
             167.39,338.80 167.47,338.54 167.00,335.00
             167.00,335.00 165.00,335.00 165.00,335.00 Z
           M 110.00,336.00
           C 110.15,341.69 110.45,341.94 113.00,347.00
             113.00,347.00 109.00,345.00 109.00,345.00
             109.00,345.00 110.00,351.00 110.00,351.00
             110.00,351.00 114.00,351.00 114.00,351.00
             114.00,351.00 115.00,348.00 115.00,348.00
             115.00,348.00 119.00,350.00 119.00,350.00
             119.00,350.00 116.00,349.00 116.00,349.00
             122.50,344.43 122.92,344.16 123.00,336.00
             123.00,336.00 127.00,336.00 127.00,336.00
             127.00,336.00 127.00,371.00 127.00,371.00
             127.00,371.00 107.00,371.00 107.00,371.00
             107.00,371.00 107.00,336.00 107.00,336.00
             107.00,336.00 110.00,336.00 110.00,336.00 Z
           M 208.00,342.00
           C 208.00,342.00 208.00,371.00 208.00,371.00
             208.00,371.00 183.00,371.00 183.00,371.00
             183.00,371.00 183.00,342.00 183.00,342.00
             183.00,342.00 208.00,342.00 208.00,342.00 Z
           M 187.00,345.00
           C 187.00,345.00 187.00,350.88 187.00,350.88
             187.00,350.88 196.95,350.88 196.95,350.88
             201.05,350.24 202.59,346.16 196.00,345.00
             196.00,345.00 195.00,348.00 195.00,348.00
             193.64,344.40 192.57,346.83 191.00,349.00
             191.00,349.00 191.00,345.00 191.00,345.00
             191.00,345.00 187.00,345.00 187.00,345.00 Z
           M 166.00,373.00
           C 166.00,373.00 162.00,373.00 162.00,373.00
             162.00,373.00 166.00,375.00 166.00,375.00
             166.00,375.00 167.00,383.00 167.00,383.00
             167.00,383.00 169.16,375.08 169.16,375.08
             169.16,375.08 167.00,363.00 167.00,363.00
             167.00,363.00 166.00,373.00 166.00,373.00 Z
           M 147.00,376.00
           C 149.00,376.00 152.66,375.74 154.28,376.99
             156.60,378.80 155.76,382.40 160.34,388.00
             165.51,394.32 170.07,396.33 178.00,397.00
             178.00,397.00 178.00,376.00 178.00,376.00
             178.00,376.00 227.00,376.00 227.00,376.00
             227.00,376.00 227.00,475.00 227.00,475.00
             227.00,475.00 177.00,475.00 177.00,475.00
             177.00,475.00 150.00,476.00 150.00,476.00
             150.00,476.00 172.00,476.00 172.00,476.00
             172.00,476.00 184.00,477.00 184.00,477.00
             184.00,477.00 157.00,477.00 157.00,477.00
             157.00,477.00 140.00,475.00 140.00,475.00
             140.00,475.00 106.00,475.00 106.00,475.00
             106.00,475.00 106.00,376.00 106.00,376.00
             106.00,376.00 147.00,376.00 147.00,376.00 Z" />
</svg>
