<?xml version="1.0" encoding="UTF-8" standalone="no"?>
<!DOCTYPE svg PUBLIC "-//W3C//DTD SVG 20010904//EN"
              "http://www.w3.org/TR/2001/REC-SVG-20010904/DTD/svg10.dtd">

<svg xmlns="http://www.w3.org/2000/svg"
     width="12.2621in" height="5.33408in"
     viewBox="0 0 1177 512">
  <path id="Auswahl #4"
        fill="none" stroke="black" stroke-width="1"
        d="M 666.00,376.00
           C 668.02,388.90 676.15,395.92 689.00,397.00
             689.00,397.00 689.00,376.00 689.00,376.00
             689.00,376.00 738.00,376.00 738.00,376.00
             738.00,376.00 738.00,475.00 738.00,475.00
             738.00,475.00 618.00,475.00 618.00,475.00
             618.00,475.00 618.00,376.00 618.00,376.00
             618.00,376.00 666.00,376.00 666.00,376.00 Z
           M 627.00,405.00
           C 627.00,405.00 626.00,411.00 626.00,411.00
             626.00,411.00 622.00,407.00 622.00,407.00
             622.00,407.00 625.00,406.00 625.00,406.00
             625.00,406.00 620.00,406.00 620.00,406.00
             620.00,406.00 623.00,413.00 623.00,413.00
             623.00,413.00 620.00,412.00 620.00,412.00
             622.32,414.58 623.40,413.84 626.00,412.00
             626.00,412.00 633.00,414.00 633.00,414.00
             633.00,414.00 634.00,410.00 634.00,410.00
             634.00,410.00 634.00,414.00 634.00,414.00
             634.00,414.00 660.00,414.00 660.00,414.00
             660.00,414.00 661.00,411.00 661.00,411.00
             662.91,415.59 669.79,414.00 674.00,414.00
             674.00,414.00 675.00,411.00 675.00,411.00
             675.00,411.00 680.00,414.00 680.00,414.00
             680.00,414.00 680.00,411.00 680.00,411.00
             680.00,411.00 683.00,411.00 683.00,411.00
             684.69,415.07 688.04,414.00 692.00,414.00
             692.00,414.00 693.00,411.00 693.00,411.00
             693.00,411.00 696.00,414.00 696.00,414.00
             696.00,414.00 693.95,406.61 693.95,406.61
             691.16,403.20 683.70,405.78 681.00,408.00
             681.00,408.00 680.00,405.00 680.00,405.00
             680.00,405.00 676.00,405.00 676.00,405.00
             676.00,405.00 675.00,408.00 675.00,408.00
             671.25,405.21 668.50,404.93 664.00,406.00
             666.64,408.60 665.35,409.66 664.00,413.00
             661.64,407.66 664.15,406.08 658.00,405.00
             657.95,408.95 658.50,410.66 655.00,413.00
             655.00,413.00 657.00,409.00 657.00,409.00
             657.00,409.00 657.00,406.00 657.00,406.00
             657.00,406.00 653.00,405.00 653.00,405.00
             653.00,405.00 653.00,413.00 653.00,413.00
             653.00,413.00 649.00,413.00 649.00,413.00
             649.00,413.00 650.00,406.00 650.00,406.00
             650.00,406.00 640.00,406.00 640.00,406.00
             640.00,406.00 639.00,412.00 639.00,412.00
             639.00,412.00 639.00,406.00 639.00,406.00
             639.00,406.00 634.00,406.00 634.00,406.00
             634.00,406.00 633.00,409.00 633.00,409.00
             633.00,409.00 631.00,406.00 631.00,406.00
             631.00,406.00 631.00,413.00 631.00,413.00
             631.00,413.00 628.00,413.00 628.00,413.00
             628.00,413.00 630.00,406.00 630.00,406.00
             630.00,406.00 627.00,405.00 627.00,405.00 Z
           M 703.00,406.00
           C 704.23,409.90 703.55,410.17 702.00,414.00
             702.00,414.00 707.00,413.00 707.00,413.00
             707.00,413.00 705.00,412.00 705.00,412.00
             705.00,412.00 705.00,411.00 705.00,411.00
             705.00,411.00 708.00,410.00 708.00,410.00
             708.00,410.00 708.00,414.00 708.00,414.00
             708.00,414.00 717.00,414.00 717.00,414.00
             717.00,414.00 718.00,411.00 718.00,411.00
             718.00,411.00 715.00,410.00 715.00,410.00
             715.00,410.00 716.00,406.00 716.00,406.00
             716.00,406.00 712.00,411.00 712.00,411.00
             712.00,411.00 712.00,406.00 712.00,406.00
             712.00,406.00 708.00,406.00 708.00,406.00
             708.00,406.00 707.00,409.00 707.00,409.00
             705.87,406.29 705.87,406.55 703.00,406.00 Z
           M 690.00,407.00
           C 689.88,410.44 690.37,411.60 687.00,413.00
             687.00,413.00 689.00,409.00 689.00,409.00
             689.00,409.00 687.00,407.00 687.00,407.00
             687.00,407.00 690.00,407.00 690.00,407.00 Z" />
</svg>
