<?xml version="1.0" encoding="UTF-8" standalone="no"?>
<!DOCTYPE svg PUBLIC "-//W3C//DTD SVG 20010904//EN"
              "http://www.w3.org/TR/2001/REC-SVG-20010904/DTD/svg10.dtd">

<svg xmlns="http://www.w3.org/2000/svg"
     width="12.2621in" height="5.33408in"
     viewBox="0 0 1177 512">
  <path id="Auswahl #5"
        fill="none" stroke="black" stroke-width="1"
        d="M 794.00,376.00
           C 794.00,376.00 794.00,397.00 794.00,397.00
             806.72,395.93 815.00,388.76 817.00,376.00
             817.00,376.00 865.00,376.00 865.00,376.00
             865.00,376.00 865.00,475.00 865.00,475.00
             865.00,475.00 745.00,475.00 745.00,475.00
             745.00,475.00 745.00,376.00 745.00,376.00
             745.00,376.00 794.00,376.00 794.00,376.00 Z
           M 751.00,406.00
           C 751.00,406.00 754.00,413.00 754.00,413.00
             754.00,413.00 751.00,414.00 751.00,414.00
             751.00,414.00 763.00,414.00 763.00,414.00
             763.00,414.00 763.00,410.00 763.00,410.00
             763.00,410.00 765.00,410.00 765.00,410.00
             765.00,410.00 765.00,414.00 765.00,414.00
             765.00,414.00 773.00,412.00 773.00,412.00
             773.00,412.00 774.00,415.00 774.00,415.00
             780.76,414.28 786.76,416.51 791.00,411.00
             794.33,416.29 798.55,414.25 804.00,414.00
             804.00,414.00 805.00,411.00 805.00,411.00
             807.32,413.83 807.37,413.69 811.00,414.00
             811.00,414.00 812.00,411.00 812.00,411.00
             815.53,415.60 818.59,415.61 823.00,412.00
             823.00,412.00 826.00,414.00 826.00,414.00
             825.78,412.42 825.60,408.75 824.75,407.86
             822.49,404.43 814.58,406.10 812.00,407.86
             808.84,405.76 808.16,405.76 805.00,407.86
             801.55,405.46 797.92,405.44 794.00,407.00
             796.69,409.45 795.15,410.75 793.00,413.00
             793.00,413.00 793.00,406.00 793.00,406.00
             793.00,406.00 783.00,406.00 783.00,406.00
             783.00,406.00 783.00,413.00 783.00,413.00
             783.00,413.00 780.00,413.00 780.00,413.00
             780.00,413.00 780.00,406.00 780.00,406.00
             780.00,406.00 770.00,406.00 770.00,406.00
             770.00,406.00 769.00,413.00 769.00,413.00
             769.00,413.00 769.00,406.00 769.00,406.00
             769.00,406.00 765.00,406.00 765.00,406.00
             765.00,406.00 764.00,409.00 764.00,409.00
             760.43,404.64 757.00,405.32 756.00,411.00
             756.00,411.00 755.00,406.00 755.00,406.00
             755.00,406.00 751.00,406.00 751.00,406.00 Z
           M 833.00,407.00
           C 833.00,407.00 833.00,414.00 833.00,414.00
             833.00,414.00 834.00,415.00 834.00,415.00
             834.00,415.00 837.00,414.00 837.00,414.00
             835.82,411.21 836.66,410.61 838.00,408.00
             838.00,408.00 838.00,414.00 838.00,414.00
             838.00,414.00 842.00,414.00 842.00,414.00
             842.88,406.75 839.81,405.62 833.00,407.00 Z
           M 843.00,407.00
           C 843.00,407.00 846.00,408.00 846.00,408.00
             846.00,408.00 846.00,412.00 846.00,412.00
             846.00,412.00 843.00,414.00 843.00,414.00
             849.49,413.93 848.74,405.17 843.00,407.00 Z" />
</svg>
