<?xml version="1.0" encoding="UTF-8" standalone="no"?>
<!DOCTYPE svg PUBLIC "-//W3C//DTD SVG 20010904//EN"
              "http://www.w3.org/TR/2001/REC-SVG-20010904/DTD/svg10.dtd">

<svg xmlns="http://www.w3.org/2000/svg"
     width="12.2621in" height="5.33408in"
     viewBox="0 0 1177 512">
  <path id="Auswahl #3"
        fill="none" stroke="black" stroke-width="1"
        d="M 538.00,376.00
           C 538.00,376.00 538.00,397.00 538.00,397.00
             550.38,396.39 559.85,388.66 561.00,376.00
             561.00,376.00 610.00,376.00 610.00,376.00
             610.00,376.00 610.00,475.00 610.00,475.00
             610.00,475.00 490.00,475.00 490.00,475.00
             490.00,475.00 490.00,376.00 490.00,376.00
             490.00,376.00 538.00,376.00 538.00,376.00 Z
           M 493.00,407.00
           C 493.00,407.00 496.00,410.00 496.00,410.00
             496.00,410.00 496.00,412.00 496.00,412.00
             496.00,412.00 494.00,414.00 494.00,414.00
             494.00,414.00 498.00,414.00 498.00,414.00
             498.00,414.00 495.00,407.00 495.00,407.00
             495.00,407.00 499.00,407.00 499.00,407.00
             499.22,413.18 499.82,413.78 506.00,414.00
             506.00,414.00 508.00,410.00 508.00,410.00
             508.00,410.00 507.00,413.00 507.00,413.00
             507.00,413.00 533.00,414.00 533.00,414.00
             533.00,414.00 534.00,411.00 534.00,411.00
             535.91,415.59 542.79,414.00 547.00,414.00
             547.00,414.00 548.00,411.00 548.00,411.00
             548.00,411.00 553.00,414.00 553.00,414.00
             553.00,414.00 553.00,411.00 553.00,411.00
             553.00,411.00 556.00,411.00 556.00,411.00
             557.69,415.07 561.04,414.00 565.00,414.00
             565.00,414.00 566.00,411.00 566.00,411.00
             566.00,411.00 569.00,414.00 569.00,414.00
             569.00,414.00 567.00,406.61 567.00,406.61
             567.00,406.61 556.00,405.00 556.00,405.00
             556.00,405.00 555.00,408.00 555.00,408.00
             555.00,408.00 549.00,405.00 549.00,405.00
             549.00,405.00 537.00,406.00 537.00,406.00
             539.64,408.60 538.35,409.66 537.00,413.00
             537.00,413.00 534.97,406.60 534.97,406.60
             534.97,406.60 526.00,405.00 526.00,405.00
             526.00,405.00 526.00,413.00 526.00,413.00
             526.00,413.00 523.00,413.00 523.00,413.00
             523.00,413.00 523.00,406.00 523.00,406.00
             523.00,406.00 521.00,406.00 521.00,406.00
             520.87,409.72 521.24,410.83 518.00,413.00
             518.00,413.00 520.00,409.00 520.00,409.00
             520.00,409.00 520.00,406.00 520.00,406.00
             514.23,405.00 514.39,407.29 512.00,412.00
             512.00,412.00 512.00,406.00 512.00,406.00
             512.00,406.00 507.00,409.00 507.00,409.00
             503.09,403.92 498.47,404.79 493.00,407.00 Z
           M 586.00,405.00
           C 586.00,405.00 585.00,409.00 585.00,409.00
             583.40,405.08 579.88,406.16 576.00,406.00
             576.93,410.15 576.73,410.09 575.00,414.00
             575.00,414.00 580.00,413.00 580.00,413.00
             580.00,413.00 581.00,408.00 581.00,408.00
             581.00,408.00 581.00,414.00 581.00,414.00
             581.00,414.00 585.00,414.00 585.00,414.00
             585.00,414.00 588.00,410.00 588.00,410.00
             588.00,410.00 586.00,414.00 586.00,414.00
             590.75,413.18 590.89,411.59 588.00,408.00
             588.00,408.00 590.00,406.00 590.00,406.00
             590.00,406.00 586.00,405.00 586.00,405.00 Z
           M 543.00,413.00
           C 543.00,413.00 539.00,413.00 539.00,413.00
             539.00,413.00 542.00,407.00 542.00,407.00
             542.00,407.00 543.00,413.00 543.00,413.00 Z" />
</svg>
