<?xml version="1.0" encoding="UTF-8" standalone="no"?>
<!DOCTYPE svg PUBLIC "-//W3C//DTD SVG 20010904//EN"
              "http://www.w3.org/TR/2001/REC-SVG-20010904/DTD/svg10.dtd">

<svg xmlns="http://www.w3.org/2000/svg"
     width="12.2621in" height="5.33408in"
     viewBox="0 0 1177 512">
  <path id="Auswahl #7"
        fill="none" stroke="black" stroke-width="1"
        d="M 1060.00,376.00
           C 1060.00,376.00 1060.00,397.00 1060.00,397.00
             1073.12,395.90 1080.13,388.56 1083.00,376.00
             1083.00,376.00 1143.00,376.00 1143.00,376.00
             1143.00,376.00 1143.00,425.00 1143.00,425.00
             1143.00,425.00 1144.00,442.00 1144.00,442.00
             1144.00,442.00 1144.00,475.00 1144.00,475.00
             1144.00,475.00 1108.00,475.00 1108.00,475.00
             1108.00,475.00 1087.00,476.00 1087.00,476.00
             1087.00,476.00 1109.00,476.00 1109.00,476.00
             1109.00,476.00 1121.00,477.00 1121.00,477.00
             1121.00,477.00 1094.00,477.00 1094.00,477.00
             1094.00,477.00 1077.00,475.00 1077.00,475.00
             1077.00,475.00 1000.00,475.00 1000.00,475.00
             1000.00,475.00 1000.00,376.00 1000.00,376.00
             1000.00,376.00 1060.00,376.00 1060.00,376.00 Z
           M 1020.00,408.00
           C 1020.00,408.00 1023.00,414.00 1023.00,414.00
             1023.00,414.00 1020.00,415.00 1020.00,415.00
             1020.00,415.00 1024.00,416.00 1024.00,416.00
             1024.96,411.72 1024.33,411.57 1022.00,408.00
             1022.00,408.00 1025.00,407.00 1025.00,407.00
             1025.00,407.00 1020.00,408.00 1020.00,408.00 Z
           M 1030.00,416.00
           C 1028.44,411.63 1027.66,411.31 1030.00,407.00
             1024.55,408.91 1024.76,413.89 1030.00,416.00 Z
           M 1031.00,415.00
           C 1031.00,415.00 1033.00,415.00 1033.00,415.00
             1033.00,415.00 1034.00,411.00 1034.00,411.00
             1034.00,411.00 1036.00,416.00 1036.00,416.00
             1036.00,416.00 1035.00,407.00 1035.00,407.00
             1035.00,407.00 1034.00,410.00 1034.00,410.00
             1034.00,410.00 1032.00,407.00 1032.00,407.00
             1032.00,407.00 1031.00,415.00 1031.00,415.00 Z
           M 1037.00,407.00
           C 1037.06,411.40 1037.13,417.57 1043.00,413.00
             1044.13,415.71 1044.13,415.45 1047.00,416.00
             1045.48,413.13 1044.74,413.18 1046.00,410.00
             1046.00,410.00 1044.00,409.00 1044.00,409.00
             1044.00,409.00 1044.00,408.00 1044.00,408.00
             1044.00,408.00 1047.00,407.00 1047.00,407.00
             1047.00,407.00 1041.00,407.00 1041.00,407.00
             1041.00,407.00 1039.00,414.00 1039.00,414.00
             1039.00,414.00 1039.00,407.00 1039.00,407.00
             1039.00,407.00 1037.00,407.00 1037.00,407.00 Z
           M 1048.00,416.00
           C 1048.00,416.00 1052.00,416.00 1052.00,416.00
             1052.00,416.00 1049.00,407.00 1049.00,407.00
             1049.00,407.00 1048.00,416.00 1048.00,416.00 Z
           M 1053.00,407.00
           C 1053.00,407.00 1053.00,416.00 1053.00,416.00
             1053.00,416.00 1057.00,416.00 1057.00,416.00
             1057.00,416.00 1057.00,410.00 1057.00,410.00
             1057.00,410.00 1055.00,409.00 1055.00,409.00
             1055.00,409.00 1055.00,408.00 1055.00,408.00
             1058.24,410.17 1057.87,411.28 1058.00,415.00
             1058.00,415.00 1061.00,413.00 1061.00,413.00
             1061.00,413.00 1063.00,416.00 1063.00,416.00
             1062.51,406.98 1062.97,407.01 1053.00,407.00 Z
           M 1064.00,408.00
           C 1066.83,409.51 1065.03,411.55 1064.00,416.00
             1064.00,416.00 1069.00,416.00 1069.00,416.00
             1069.00,416.00 1069.00,414.00 1069.00,414.00
             1069.00,414.00 1066.00,414.00 1066.00,414.00
             1066.00,414.00 1069.00,407.00 1069.00,407.00
             1069.00,407.00 1064.00,408.00 1064.00,408.00 Z
           M 1070.00,407.00
           C 1070.00,407.00 1070.00,416.00 1070.00,416.00
             1070.00,416.00 1073.00,416.00 1073.00,416.00
             1073.00,416.00 1073.00,412.00 1073.00,412.00
             1073.00,412.00 1078.00,416.00 1078.00,416.00
             1078.00,416.00 1079.00,408.00 1079.00,408.00
             1079.00,408.00 1080.00,416.00 1080.00,416.00
             1080.00,416.00 1080.00,411.00 1080.00,411.00
             1080.00,411.00 1084.00,416.00 1084.00,416.00
             1084.00,416.00 1085.00,408.00 1085.00,408.00
             1085.00,408.00 1085.00,416.00 1085.00,416.00
             1085.00,416.00 1089.00,416.00 1089.00,416.00
             1089.00,416.00 1089.00,410.00 1089.00,410.00
             1089.00,410.00 1087.00,409.00 1087.00,409.00
             1087.00,409.00 1087.00,408.00 1087.00,408.00
             1090.24,410.17 1089.87,411.28 1090.00,415.00
             1090.00,415.00 1093.00,412.00 1093.00,412.00
             1093.00,412.00 1095.00,416.00 1095.00,416.00
             1094.90,414.18 1094.97,409.99 1093.93,408.60
             1091.14,404.89 1083.64,407.53 1081.00,410.00
             1079.34,407.49 1078.32,406.52 1076.00,409.00
             1076.00,409.00 1074.00,409.00 1074.00,409.00
             1074.00,409.00 1070.00,407.00 1070.00,407.00 Z
           M 1103.00,407.00
           C 1103.00,407.00 1103.00,416.00 1103.00,416.00
             1103.00,416.00 1107.00,416.00 1107.00,416.00
             1105.10,410.06 1108.49,408.95 1103.00,407.00 Z
           M 1114.00,407.00
           C 1113.40,411.06 1113.47,412.69 1116.00,416.00
             1116.00,416.00 1116.00,407.00 1116.00,407.00
             1116.00,407.00 1114.00,407.00 1114.00,407.00 Z
           M 1108.00,408.00
           C 1108.00,408.00 1108.00,415.00 1108.00,415.00
             1108.00,415.00 1112.00,415.00 1112.00,415.00
             1112.00,415.00 1112.00,408.00 1112.00,408.00
             1112.00,408.00 1108.00,408.00 1108.00,408.00 Z" />
</svg>
