<?xml version="1.0" encoding="UTF-8" standalone="no"?>
<!DOCTYPE svg PUBLIC "-//W3C//DTD SVG 20010904//EN"
              "http://www.w3.org/TR/2001/REC-SVG-20010904/DTD/svg10.dtd">

<svg xmlns="http://www.w3.org/2000/svg"
     width="12.2621in" height="5.33408in"
     viewBox="0 0 1177 512">
  <path id="Auswahl #1"
        fill="none" stroke="black" stroke-width="1"
        d="M 283.00,376.00
           C 283.00,376.00 283.00,397.00 283.00,397.00
             295.32,395.96 304.06,388.37 306.00,376.00
             306.00,376.00 355.00,376.00 355.00,376.00
             355.00,376.00 355.00,475.00 355.00,475.00
             355.00,475.00 234.00,475.00 234.00,475.00
             234.00,475.00 234.00,376.00 234.00,376.00
             234.00,376.00 283.00,376.00 283.00,376.00 Z
           M 238.00,407.00
           C 238.00,407.00 241.00,413.00 241.00,413.00
             241.00,413.00 238.00,415.00 238.00,415.00
             238.00,415.00 243.00,413.00 243.00,413.00
             243.00,413.00 250.00,415.00 250.00,415.00
             250.00,415.00 250.00,411.00 250.00,411.00
             250.00,411.00 252.00,411.00 252.00,411.00
             252.00,411.00 252.00,415.00 252.00,415.00
             252.00,415.00 255.00,413.00 255.00,413.00
             258.97,415.94 270.49,415.79 275.00,414.00
             275.00,414.00 272.00,413.00 272.00,413.00
             272.00,413.00 272.00,412.00 272.00,412.00
             272.00,412.00 274.00,411.00 274.00,411.00
             274.00,411.00 275.00,406.00 275.00,406.00
             275.00,406.00 270.00,406.00 270.00,406.00
             270.00,406.00 270.00,414.00 270.00,414.00
             266.96,410.92 267.15,410.22 267.00,406.00
             267.00,406.00 258.00,406.00 258.00,406.00
             258.00,406.00 257.00,413.00 257.00,413.00
             257.00,413.00 256.00,406.00 256.00,406.00
             256.00,406.00 252.00,406.00 252.00,406.00
             252.00,406.00 251.00,410.00 251.00,410.00
             249.28,405.08 247.06,405.90 243.00,408.00
             243.00,408.00 238.00,407.00 238.00,407.00 Z
           M 276.00,406.00
           C 276.00,406.00 276.00,415.00 276.00,415.00
             276.00,415.00 279.00,413.00 279.00,413.00
             281.77,416.09 287.13,415.00 291.00,415.00
             291.00,415.00 291.00,411.00 291.00,411.00
             291.00,411.00 294.00,415.00 294.00,415.00
             294.00,415.00 298.00,415.00 298.00,415.00
             298.00,415.00 299.00,412.00 299.00,412.00
             302.32,416.06 305.04,415.00 310.00,415.00
             310.00,415.00 311.00,412.00 311.00,412.00
             311.00,412.00 313.00,415.00 313.00,415.00
             312.87,413.17 313.00,408.91 311.95,407.86
             309.76,404.80 302.15,405.60 300.00,407.86
             300.00,407.86 298.00,407.86 298.00,407.86
             295.50,405.34 294.28,406.87 292.00,409.00
             289.48,405.24 285.94,405.44 282.00,407.00
             283.51,410.21 282.58,410.95 281.00,414.00
             280.60,408.86 281.61,406.99 276.00,406.00 Z
           M 320.00,409.00
           C 320.00,409.00 323.00,408.00 323.00,408.00
             323.00,408.00 320.00,415.00 320.00,415.00
             329.05,414.72 329.89,415.31 330.00,407.00
             325.95,407.16 322.43,405.76 320.00,409.00 Z
           M 330.00,407.00
           C 333.22,409.45 331.98,411.48 331.00,415.00
             334.74,412.57 334.64,410.20 335.00,406.00
             335.00,406.00 330.00,407.00 330.00,407.00 Z
           M 249.00,407.00
           C 249.00,407.00 249.00,414.00 249.00,414.00
             244.05,412.20 244.97,409.30 249.00,407.00 Z" />
</svg>
