<?xml version="1.0" encoding="UTF-8" standalone="no"?>
<!DOCTYPE svg PUBLIC "-//W3C//DTD SVG 20010904//EN"
              "http://www.w3.org/TR/2001/REC-SVG-20010904/DTD/svg10.dtd">

<svg xmlns="http://www.w3.org/2000/svg"
     width="12.2621in" height="5.33408in"
     viewBox="0 0 1177 512">
  <path id="Auswahl"
        fill="none" stroke="black" stroke-width="1"
        d="M 147.00,376.00
           C 149.00,376.00 152.66,375.74 154.28,376.99
             156.60,378.80 155.76,382.40 160.34,388.00
             165.51,394.32 170.07,396.33 178.00,397.00
             178.00,397.00 178.00,376.00 178.00,376.00
             178.00,376.00 227.00,376.00 227.00,376.00
             227.00,376.00 227.00,475.00 227.00,475.00
             227.00,475.00 177.00,475.00 177.00,475.00
             177.00,475.00 150.00,476.00 150.00,476.00
             150.00,476.00 172.00,476.00 172.00,476.00
             172.00,476.00 184.00,477.00 184.00,477.00
             184.00,477.00 157.00,477.00 157.00,477.00
             157.00,477.00 140.00,475.00 140.00,475.00
             140.00,475.00 106.00,475.00 106.00,475.00
             106.00,475.00 106.00,376.00 106.00,376.00
             106.00,376.00 147.00,376.00 147.00,376.00 Z
           M 122.00,408.00
           C 122.00,408.00 125.00,411.00 125.00,411.00
             125.00,411.00 122.00,412.00 122.00,412.00
             122.00,412.00 126.00,411.00 126.00,411.00
             126.00,411.00 132.00,412.00 132.00,412.00
             128.84,408.45 129.33,407.72 132.00,404.00
             127.79,405.34 127.80,406.09 126.00,410.00
             126.00,410.00 124.00,407.00 124.00,407.00
             124.00,407.00 126.00,404.00 126.00,404.00
             122.93,405.07 123.07,404.93 122.00,408.00 Z
           M 134.00,413.00
           C 134.00,413.00 134.00,409.00 134.00,409.00
             134.00,409.00 142.00,413.00 142.00,413.00
             142.00,413.00 144.00,410.00 144.00,410.00
             145.13,412.71 145.13,412.45 148.00,413.00
             148.00,413.00 148.00,408.00 148.00,408.00
             148.00,408.00 148.00,404.00 148.00,404.00
             148.00,404.00 142.00,404.00 142.00,404.00
             142.00,404.00 142.00,411.00 142.00,411.00
             142.00,411.00 140.00,411.00 140.00,411.00
             140.00,411.00 140.00,404.00 140.00,404.00
             140.00,404.00 136.00,404.00 136.00,404.00
             136.00,404.00 135.00,407.00 135.00,407.00
             135.00,407.00 134.00,404.00 134.00,404.00
             132.69,407.30 132.69,409.70 134.00,413.00 Z
           M 149.00,404.00
           C 149.00,404.00 149.00,413.00 149.00,413.00
             149.00,413.00 153.00,413.00 153.00,413.00
             153.00,413.00 151.00,404.00 151.00,404.00
             151.00,404.00 149.00,404.00 149.00,404.00 Z
           M 154.00,404.00
           C 154.00,404.00 154.00,413.00 154.00,413.00
             154.00,413.00 158.00,413.00 158.00,413.00
             158.00,413.00 156.00,411.00 156.00,411.00
             156.00,411.00 156.00,409.00 156.00,409.00
             156.00,409.00 158.00,409.00 158.00,409.00
             158.00,409.00 158.00,407.00 158.00,407.00
             158.00,407.00 157.00,407.00 157.00,407.00
             157.00,407.00 156.00,405.00 156.00,405.00
             156.00,405.00 160.00,405.00 160.00,405.00
             160.00,405.00 161.00,413.00 161.00,413.00
             161.00,413.00 162.00,410.00 162.00,410.00
             162.00,410.00 163.00,413.00 163.00,413.00
             163.00,413.00 170.00,413.00 170.00,413.00
             169.04,408.88 169.13,408.85 171.00,405.00
             171.00,405.00 171.00,413.00 171.00,413.00
             171.00,413.00 175.00,413.00 175.00,413.00
             175.00,413.00 175.00,409.00 175.00,409.00
             175.00,409.00 177.00,410.00 177.00,410.00
             177.00,410.00 178.00,409.00 178.00,409.00
             178.00,409.00 178.00,413.00 178.00,413.00
             178.00,413.00 181.00,413.00 181.00,413.00
             181.00,413.00 183.00,409.00 183.00,409.00
             183.00,409.00 185.00,413.00 185.00,413.00
             185.00,413.00 191.00,413.00 191.00,413.00
             191.00,413.00 191.00,411.00 191.00,411.00
             191.00,411.00 188.00,411.00 188.00,411.00
             188.00,411.00 188.00,409.00 188.00,409.00
             188.00,409.00 190.00,409.00 190.00,409.00
             190.00,409.00 190.00,408.00 190.00,408.00
             190.00,408.00 188.00,406.00 188.00,406.00
             188.00,406.00 191.00,404.00 191.00,404.00
             187.81,404.04 186.22,403.53 184.00,406.00
             184.00,406.00 182.00,406.00 182.00,406.00
             182.00,406.00 178.00,404.00 178.00,404.00
             178.00,404.00 176.00,407.00 176.00,407.00
             173.40,403.12 169.02,403.40 165.00,405.00
             168.11,407.47 166.43,408.73 164.00,411.00
             164.96,403.11 162.60,404.00 154.00,404.00 Z
           M 192.00,404.00
           C 192.00,404.00 193.00,413.00 193.00,413.00
             193.00,413.00 194.00,410.00 194.00,410.00
             194.00,410.00 197.00,412.00 197.00,412.00
             196.29,406.28 197.43,404.96 192.00,404.00 Z
           M 216.04,412.00
           C 219.71,411.50 219.17,407.04 217.98,405.64
             216.82,404.27 206.10,404.63 204.00,405.00
             206.52,407.49 205.51,407.47 204.00,413.00
             204.00,413.00 208.00,413.00 208.00,413.00
             208.00,413.00 208.00,408.00 208.00,408.00
             210.19,410.97 212.07,412.53 216.04,412.00 Z" />
</svg>
