<?xml version="1.0" encoding="UTF-8" standalone="no"?>
<!DOCTYPE svg PUBLIC "-//W3C//DTD SVG 20010904//EN"
              "http://www.w3.org/TR/2001/REC-SVG-20010904/DTD/svg10.dtd">

<svg xmlns="http://www.w3.org/2000/svg"
     width="12.2621in" height="5.33408in"
     viewBox="0 0 1177 512">
  <path id="Auswahl #6"
        fill="none" stroke="black" stroke-width="1"
        d="M 913.00,376.00
           C 915.05,376.00 918.75,375.76 920.42,377.02
             922.77,378.80 922.07,383.19 927.21,388.96
             932.19,394.54 937.71,396.64 945.00,397.00
             945.00,397.00 945.00,376.00 945.00,376.00
             945.00,376.00 993.00,376.00 993.00,376.00
             993.00,376.00 993.00,475.00 993.00,475.00
             993.00,475.00 873.00,475.00 873.00,475.00
             873.00,475.00 873.00,376.00 873.00,376.00
             873.00,376.00 913.00,376.00 913.00,376.00 Z
           M 879.00,405.00
           C 879.00,405.00 882.00,412.00 882.00,412.00
             882.00,412.00 879.00,413.00 879.00,413.00
             879.00,413.00 885.00,412.00 885.00,412.00
             885.00,412.00 891.00,414.00 891.00,414.00
             891.00,414.00 891.00,410.00 891.00,410.00
             891.00,410.00 893.00,410.00 893.00,410.00
             893.00,410.00 893.00,414.00 893.00,414.00
             893.00,414.00 900.00,412.00 900.00,412.00
             905.07,415.62 912.10,413.47 918.00,414.00
             918.00,414.00 919.00,411.00 919.00,411.00
             922.51,415.67 926.64,413.52 932.00,414.00
             932.00,414.00 932.00,410.00 932.00,410.00
             932.00,410.00 936.00,414.00 936.00,414.00
             936.00,414.00 937.00,406.00 937.00,406.00
             937.00,406.00 937.00,414.00 937.00,414.00
             937.00,414.00 939.00,414.00 939.00,414.00
             939.00,414.00 939.00,410.00 939.00,410.00
             943.91,414.52 942.63,413.51 949.00,414.00
             949.00,414.00 950.00,411.00 950.00,411.00
             950.00,411.00 954.00,414.00 954.00,414.00
             953.81,412.25 953.67,407.85 952.75,406.89
             950.70,403.73 943.08,404.68 941.00,406.89
             941.00,406.89 939.00,406.89 939.00,406.89
             936.68,404.42 935.60,405.16 933.00,406.89
             929.55,404.46 925.92,404.44 922.00,406.00
             924.69,408.45 923.15,409.75 921.00,412.00
             921.96,404.11 919.60,405.00 911.00,405.00
             911.00,405.00 911.00,413.00 911.00,413.00
             911.00,413.00 908.00,413.00 908.00,413.00
             908.00,413.00 908.00,405.00 908.00,405.00
             908.00,405.00 899.00,405.00 899.00,405.00
             899.00,405.00 897.00,412.00 897.00,412.00
             897.00,412.00 897.00,405.00 897.00,405.00
             897.00,405.00 893.00,405.00 893.00,405.00
             893.00,405.00 892.00,408.00 892.00,408.00
             888.64,403.89 884.08,405.13 879.00,405.00 Z
           M 961.00,406.00
           C 963.52,408.49 962.51,408.47 961.00,414.00
             961.00,414.00 965.00,414.00 965.00,414.00
             965.00,414.00 966.00,408.00 966.00,408.00
             966.29,411.59 966.08,411.81 969.00,414.00
             972.01,406.31 968.26,404.53 961.00,406.00 Z
           M 971.00,406.00
           C 973.52,408.49 972.51,408.47 971.00,414.00
             971.00,414.00 976.00,413.00 976.00,413.00
             974.13,408.80 977.44,405.14 971.00,406.00 Z" />
</svg>
