<?xml version="1.0" encoding="UTF-8" standalone="no"?>
<!DOCTYPE svg PUBLIC "-//W3C//DTD SVG 20010904//EN"
              "http://www.w3.org/TR/2001/REC-SVG-20010904/DTD/svg10.dtd">

<svg xmlns="http://www.w3.org/2000/svg"
     width="12.2621in" height="5.33408in"
     viewBox="0 0 1177 512">
  <path id="Auswahl"
        fill="none" stroke="black" stroke-width="1"
        d="M 228.00,326.00
           C 228.00,326.00 228.00,475.00 228.00,475.00
             228.00,475.00 104.00,475.00 104.00,475.00
             104.00,475.00 104.00,326.00 104.00,326.00
             104.00,326.00 228.00,326.00 228.00,326.00 Z
           M 356.00,326.00
           C 356.00,326.00 356.00,475.00 356.00,475.00
             356.00,475.00 233.00,475.00 233.00,475.00
             233.00,475.00 233.00,326.00 233.00,326.00
             233.00,326.00 356.00,326.00 356.00,326.00 Z
           M 483.00,326.00
           C 483.00,326.00 483.00,476.00 483.00,476.00
             483.00,476.00 359.00,476.00 359.00,476.00
             359.00,476.00 359.00,326.00 359.00,326.00
             359.00,326.00 483.00,326.00 483.00,326.00 Z
           M 611.00,326.00
           C 611.00,326.00 611.00,476.00 611.00,476.00
             611.00,476.00 487.00,476.00 487.00,476.00
             487.00,476.00 487.00,326.00 487.00,326.00
             487.00,326.00 611.00,326.00 611.00,326.00 Z
           M 739.00,326.00
           C 739.00,326.00 739.00,476.00 739.00,476.00
             739.00,476.00 615.00,476.00 615.00,476.00
             615.00,476.00 615.00,326.00 615.00,326.00
             615.00,326.00 739.00,326.00 739.00,326.00 Z
           M 866.00,327.00
           C 866.00,327.00 866.00,476.00 866.00,476.00
             866.00,476.00 744.00,476.00 744.00,476.00
             744.00,476.00 744.00,327.00 744.00,327.00
             744.00,327.00 866.00,327.00 866.00,327.00 Z
           M 994.00,327.00
           C 994.00,327.00 994.00,476.00 994.00,476.00
             994.00,476.00 872.00,476.00 872.00,476.00
             872.00,476.00 872.00,327.00 872.00,327.00
             872.00,327.00 994.00,327.00 994.00,327.00 Z
           M 1144.00,327.00
           C 1144.00,327.00 1144.00,476.00 1144.00,476.00
             1144.00,476.00 1000.00,476.00 1000.00,476.00
             1000.00,476.00 1000.00,327.00 1000.00,327.00
             1000.00,327.00 1144.00,327.00 1144.00,327.00 Z" />
</svg>
