<?xml version="1.0" encoding="UTF-8" standalone="no"?>
<!DOCTYPE svg PUBLIC "-//W3C//DTD SVG 20010904//EN"
              "http://www.w3.org/TR/2001/REC-SVG-20010904/DTD/svg10.dtd">

<svg xmlns="http://www.w3.org/2000/svg"
     width="12.2621in" height="5.33408in"
     viewBox="0 0 1177 512">
  <path id="Auswahl #2"
        fill="none" stroke="black" stroke-width="1"
        d="M 411.00,376.00
           C 412.16,388.77 421.51,396.39 434.00,397.00
             434.00,397.00 434.00,376.00 434.00,376.00
             434.00,376.00 482.00,376.00 482.00,376.00
             482.00,376.00 482.00,475.00 482.00,475.00
             482.00,475.00 362.00,475.00 362.00,475.00
             362.00,475.00 362.00,376.00 362.00,376.00
             362.00,376.00 411.00,376.00 411.00,376.00 Z
           M 365.00,407.00
           C 365.00,407.00 368.00,413.00 368.00,413.00
             368.00,413.00 365.00,414.00 365.00,414.00
             371.04,414.81 369.38,411.50 367.00,408.00
             367.00,408.00 370.00,407.00 370.00,407.00
             370.00,407.00 365.00,407.00 365.00,407.00 Z
           M 378.00,415.00
           C 378.00,415.00 380.00,411.00 380.00,411.00
             380.00,411.00 379.00,414.00 379.00,414.00
             379.00,414.00 380.00,415.00 380.00,415.00
             380.00,415.00 388.00,413.00 388.00,413.00
             388.00,413.00 388.77,414.46 388.77,414.46
             388.77,414.46 405.00,415.00 405.00,415.00
             405.00,415.00 406.00,412.00 406.00,412.00
             408.98,416.45 414.06,414.68 419.00,415.00
             419.00,415.00 420.00,412.00 420.00,412.00
             420.00,412.00 425.00,415.00 425.00,415.00
             425.00,415.00 425.00,412.00 425.00,412.00
             425.00,412.00 428.00,412.00 428.00,412.00
             429.69,416.07 433.04,415.00 437.00,415.00
             437.00,415.00 438.00,412.00 438.00,412.00
             438.00,412.00 441.00,415.00 441.00,415.00
             441.00,415.00 438.95,407.58 438.95,407.58
             436.06,403.93 428.70,406.48 426.00,409.00
             424.34,406.49 423.32,405.52 421.00,408.00
             421.00,408.00 419.00,408.00 419.00,408.00
             416.73,405.21 412.07,405.79 409.00,407.00
             411.61,409.37 410.16,411.02 409.00,414.00
             409.00,414.00 406.95,407.58 406.95,407.58
             405.31,405.52 400.44,406.00 398.00,406.00
             398.00,406.00 398.00,414.00 398.00,414.00
             398.00,414.00 395.00,414.00 395.00,414.00
             394.89,405.55 393.66,406.01 385.00,406.00
             385.00,406.00 384.00,413.00 384.00,413.00
             383.85,408.83 384.21,407.48 380.00,406.00
             380.00,406.00 378.00,410.00 378.00,410.00
             378.00,410.00 378.00,406.00 378.00,406.00
             378.00,406.00 376.00,406.00 376.00,406.00
             376.00,406.00 376.00,414.00 376.00,414.00
             376.00,414.00 373.00,414.00 373.00,414.00
             373.00,414.00 375.00,406.00 375.00,406.00
             369.73,407.84 368.43,414.66 378.00,415.00 Z
           M 448.00,409.00
           C 448.00,409.00 450.00,408.00 450.00,408.00
             450.00,408.00 447.00,415.00 447.00,415.00
             447.00,415.00 452.00,414.00 452.00,414.00
             451.37,411.94 451.99,403.66 448.00,409.00 Z
           M 457.00,410.00
           C 455.87,407.29 455.87,407.55 453.00,407.00
             453.00,407.00 454.00,415.00 454.00,415.00
             454.00,415.00 457.00,413.00 457.00,413.00
             460.42,415.11 461.13,414.33 463.00,411.00
             463.00,411.00 460.00,410.00 460.00,410.00
             460.00,410.00 461.00,406.00 461.00,406.00
             461.00,406.00 457.00,410.00 457.00,410.00 Z
           M 393.00,407.00
           C 392.67,410.64 393.76,412.43 390.00,414.00
             390.00,414.00 392.00,410.00 392.00,410.00
             392.00,410.00 390.00,407.00 390.00,407.00
             390.00,407.00 393.00,407.00 393.00,407.00 Z
           M 403.00,407.00
           C 402.95,410.66 403.66,412.48 400.00,414.00
             400.00,414.00 402.00,410.00 402.00,410.00
             402.00,410.00 400.00,407.00 400.00,407.00
             400.00,407.00 403.00,407.00 403.00,407.00 Z" />
</svg>
