<?xml version="1.0" encoding="UTF-8" standalone="no"?>
<!DOCTYPE svg PUBLIC "-//W3C//DTD SVG 20010904//EN"
              "http://www.w3.org/TR/2001/REC-SVG-20010904/DTD/svg10.dtd">

<svg xmlns="http://www.w3.org/2000/svg"
     width="11.7308in" height="4.37561in"
     viewBox="0 0 1126 420">
  <path id="Auswahl"
        fill="none" stroke="black" stroke-width="1"
        d="M 538.00,29.00
           C 538.00,29.00 538.00,173.00 538.00,173.00
             538.00,173.00 419.00,173.00 419.00,173.00
             419.00,173.00 419.00,29.00 419.00,29.00
             419.00,29.00 538.00,29.00 538.00,29.00 Z
           M 784.00,29.00
           C 784.00,29.00 784.00,175.00 784.00,175.00
             784.00,175.00 667.00,175.00 667.00,175.00
             667.00,175.00 667.00,29.00 667.00,29.00
             667.00,29.00 784.00,29.00 784.00,29.00 Z
           M 663.00,31.00
           C 663.00,31.00 663.00,174.00 663.00,174.00
             663.00,174.00 543.00,174.00 543.00,174.00
             543.00,174.00 543.00,31.00 543.00,31.00
             543.00,31.00 663.00,31.00 663.00,31.00 Z
           M 932.00,31.00
           C 932.00,31.00 932.00,174.00 932.00,174.00
             932.00,174.00 791.00,174.00 791.00,174.00
             791.00,174.00 791.00,31.00 791.00,31.00
             791.00,31.00 932.00,31.00 932.00,31.00 Z
           M 453.00,237.00
           C 453.00,237.00 453.00,382.00 453.00,382.00
             453.00,382.00 337.00,382.00 337.00,382.00
             337.00,382.00 337.00,237.00 337.00,237.00
             337.00,237.00 453.00,237.00 453.00,237.00 Z
           M 577.00,237.00
           C 577.00,237.00 577.00,382.00 577.00,382.00
             577.00,382.00 461.00,382.00 461.00,382.00
             461.00,382.00 461.00,237.00 461.00,237.00
             461.00,237.00 577.00,237.00 577.00,237.00 Z
           M 702.00,238.00
           C 702.00,238.00 702.00,380.00 702.00,380.00
             702.00,380.00 583.00,380.00 583.00,380.00
             583.00,380.00 583.00,238.00 583.00,238.00
             583.00,238.00 702.00,238.00 702.00,238.00 Z
           M 825.00,238.00
           C 825.00,238.00 825.00,381.00 825.00,381.00
             825.00,381.00 708.00,381.00 708.00,381.00
             708.00,381.00 708.00,238.00 708.00,238.00
             708.00,238.00 825.00,238.00 825.00,238.00 Z
           M 329.00,239.00
           C 329.00,239.00 329.00,380.00 329.00,380.00
             329.00,380.00 190.00,380.00 190.00,380.00
             190.00,380.00 190.00,239.00 190.00,239.00
             190.00,239.00 329.00,239.00 329.00,239.00 Z
           M 950.00,239.00
           C 950.00,239.00 950.00,380.00 950.00,380.00
             950.00,380.00 831.00,380.00 831.00,380.00
             831.00,380.00 831.00,239.00 831.00,239.00
             831.00,239.00 950.00,239.00 950.00,239.00 Z
           M 1096.00,239.00
           C 1096.00,239.00 1096.00,383.00 1096.00,383.00
             1096.00,383.00 957.00,383.00 957.00,383.00
             957.00,383.00 957.00,239.00 957.00,239.00
             957.00,239.00 1096.00,239.00 1096.00,239.00 Z" />
</svg>
